ÔÏb3.645872	1
3.669606	2
3.675729	3
3.676807	4
3.677078	5
3.677382	6
3.702778	7
3.708839	8
3.709210	9
3.740591	10
3.742654	11
3.743413	12
3.770617	13
3.770716	14
3.772548	15
3.772665	16
3.773146	17
3.806074	18
3.808275	19
3.809795	20
3.835886	21
3.837975	22
3.838039	23
3.849096	24
3.851981	25
3.874873	26
3.875675	27
3.877297	28
3.879346	29
3.882008	30
3.902618	31
3.903309	32
3.903520	33
3.905347	34
3.936548	35
3.936844	36
3.938668	37
3.941450	38
3.944799	39
3.974026	40
3.974383	41
3.974682	42
3.978550	43
3.983675	44
3.984216	45
3.985614	46
4.005071	47
4.009650	48
4.010030	49
4.028308	50
4.028403	51
4.032293	52
4.033261	53
4.055531	54
4.057303	55
4.062618	56
4.064312	57
4.066044	58
4.066077	59
4.067560	60
4.068553	61
4.069289	62
4.089238	63
4.099320	64
4.099795	65
4.101477	66
4.126029	67
4.127426	68
4.129195	69
4.131872	70
4.133334	71
4.133546	72
4.139600	73
4.139613	74
4.141983	75
4.142473	76
4.148625	77
4.148768	78
4.148812	79
4.148833	80
4.148867	81
4.149283	82
4.158246	83
4.166749	84
4.169073	85
4.172099	86
4.172112	87
4.172550	88
4.178189	89
4.180037	90
4.180284	91
4.180866	92
4.193065	93
4.200168	94
4.201550	95
4.201887	96
4.203836	97
4.204256	98
4.205178	99
4.207495	100
4.207555	101
4.209214	102
4.209340	103
4.211618	104
4.211683	105
4.211829	106
4.212110	107
4.212300	108
4.218805	109
4.234081	110
4.236136	111
4.236822	112
4.236824	113
4.237071	114
4.237147	115
4.237155	116
4.237335	117
4.237455	118
4.237958	119
4.237991	120
4.243638	121
4.244110	122
4.257332	123
4.266917	124
4.266979	125
4.267083	126
4.267773	127
4.270675	128
4.282435	129
4.282973	130
4.283495	131
4.296421	132
4.296685	133
4.296751	134
4.299143	135
4.299831	136
4.305229	137
4.311576	138
4.314725	139
4.314726	140
4.315258	141
4.318768	142
4.329446	143
4.330934	144
4.332021	145
4.333045	146
4.333109	147
4.341657	148
4.341659	149
4.342398	150
4.342503	151
4.342591	152
4.344489	153
4.346456	154
4.346696	155
4.369036	156
4.369473	157
4.369773	158
4.369855	159
4.369943	160
4.370658	161
4.370664	162
4.378240	163
4.383038	164
4.391624	165
4.392098	166
4.392729	167
4.392736	168
4.392778	169
4.403554	170
4.404380	171
4.404720	172
4.404878	173
4.410240	174
4.416142	175
4.417314	176
4.425179	177
4.425252	178
4.425768	179
4.425827	180
4.427605	181
4.427974	182
4.441506	183
4.443376	184
4.443768	185
4.444540	186
4.444587	187
4.445199	188
4.445489	189
4.448154	190
4.451065	191
4.451361	192
4.451363	193
4.456934	194
4.457054	195
4.460062	196
4.461229	197
4.467942	198
4.472356	199
4.473417	200
4.473737	201
4.474077	202
4.474915	203
4.475027	204
4.491461	205
4.491635	206
4.491729	207
4.491948	208
4.491990	209
4.492334	210
4.494331	211
4.494354	212
4.495028	213
4.497458	214
4.497596	215
4.497967	216
4.497994	217
4.499327	218
4.499803	219
4.499806	220
4.499962	221
4.500989	222
4.518837	223
4.518955	224
4.521261	225
4.522077	226
4.522349	227
4.523141	228
4.523142	229
4.523169	230
4.523201	231
4.523983	232
4.524612	233
4.527438	234
4.528086	235
4.528308	236
4.528501	237
4.528853	238
4.528971	239
4.528990	240
4.530782	241
4.530891	242
4.536929	243
4.546418	244
4.546521	245
4.546995	246
4.547056	247
4.550321	248
4.550550	249
4.551397	250
4.553209	251
4.553231	252
4.555171	253
4.556443	254
4.557436	255
4.558374	256
4.559179	257
4.561084	258
4.561388	259
4.562030	260
4.562057	261
4.562085	262
4.564378	263
4.564604	264
4.564797	265
4.565952	266
4.566370	267
4.571042	268
4.571602	269
4.572309	270
4.576785	271
4.576954	272
4.577949	273
4.578098	274
4.585541	275
4.585906	276
4.586680	277
4.586759	278
4.588043	279
4.588127	280
4.589068	281
4.589274	282
4.589320	283
4.590463	284
4.590758	285
4.590871	286
4.592328	287
4.592331	288
4.592443	289
4.593638	290
4.596540	291
4.601107	292
4.601761	293
4.608296	294
4.608743	295
4.611034	296
4.611651	297
4.611767	298
4.612089	299
4.612181	300
4.612858	301
4.612884	302
4.620368	303
4.620481	304
4.620660	305
4.623997	306
4.624258	307
4.624265	308
4.624958	309
4.625025	310
4.625124	311
4.625651	312
4.627602	313
4.627807	314
4.627814	315
4.632807	316
4.633317	317
4.637166	318
4.637604	319
4.637657	320
4.647907	321
4.647918	322
4.648438	323
4.649783	324
4.650316	325
4.650462	326
4.652539	327
4.652683	328
4.652997	329
4.653423	330
4.653533	331
4.653886	332
4.654560	333
4.654697	334
4.658703	335
4.659002	336
4.659035	337
4.660948	338
4.661102	339
4.661197	340
4.670382	341
4.670459	342
4.670520	343
4.670582	344
4.670597	345
4.674701	346
4.678119	347
4.678232	348
4.678702	349
4.678768	350
4.678811	351
4.679069	352
4.679444	353
4.679497	354
4.682863	355
4.683308	356
4.683862	357
4.686044	358
4.686065	359
4.688099	360
4.688127	361
4.688201	362
4.688243	363
4.688451	364
4.689257	365
4.689353	366
4.689891	367
4.694131	368
4.696032	369
4.696299	370
4.699614	371
4.703425	372
4.707996	373
4.708302	374
4.708448	375
4.709385	376
4.710307	377
4.710477	378
4.710601	379
4.710784	380
4.715040	381
4.716898	382
4.716900	383
4.716935	384
4.718067	385
4.718108	386
4.718153	387
4.719005	388
4.719676	389
4.720615	390
4.720733	391
4.720855	392
4.728310	393
4.728388	394
4.732241	395
4.732573	396
4.733276	397
4.734227	398
4.735987	399
4.738124	400
4.738590	401
4.739654	402
4.739756	403
4.740056	404
4.740101	405
4.740117	406
4.740351	407
4.742022	408
4.743044	409
4.746134	410
4.746158	411
4.747741	412
4.752792	413
4.752865	414
4.753470	415
4.754849	416
4.757669	417
4.757939	418
4.759505	419
4.759758	420
4.759790	421
4.760139	422
4.760742	423
4.760942	424
4.761230	425
4.761830	426
4.761841	427
4.761936	428
4.761938	429
4.766305	430
4.767703	431
4.768123	432
4.768333	433
4.768370	434
4.768416	435
4.768955	436
4.769505	437
4.769585	438
4.769664	439
4.769984	440
4.770822	441
4.773465	442
4.773468	443
4.773493	444
4.773519	445
4.773611	446
4.778489	447
4.778786	448
4.782211	449
4.783610	450
4.783912	451
4.784682	452
4.785401	453
4.786282	454
4.786373	455
4.786491	456
4.786515	457
4.786962	458
4.791750	459
4.796547	460
4.796563	461
4.796830	462
4.797388	463
4.800395	464
4.801017	465
4.801476	466
4.804073	467
4.804599	468
4.804665	469
4.804805	470
4.805668	471
4.806230	472
4.807236	473
4.807849	474
4.807902	475
4.807976	476
4.814379	477
4.814416	478
4.814491	479
4.814493	480
4.814649	481
4.814972	482
4.815089	483
4.815252	484
4.815253	485
4.815564	486
4.819983	487
4.821893	488
4.822410	489
4.822445	490
4.822557	491
4.824568	492
4.828402	493
4.834707	494
4.834711	495
4.835041	496
4.835124	497
4.835124	498
4.835131	499
4.836268	500
4.837853	501
4.839516	502
4.840987	503
4.841611	504
4.841667	505
4.841771	506
4.842062	507
4.842361	508
4.842381	509
4.843598	510
4.843614	511
4.843736	512
4.844356	513
4.844376	514
4.844718	515
4.845475	516
4.845529	517
4.845545	518
4.845681	519
4.848187	520
4.848482	521
4.850189	522
4.853844	523
4.854038	524
4.854051	525
4.855569	526
4.855916	527
4.856237	528
4.856258	529
4.856446	530
4.866410	531
4.866900	532
4.867486	533
4.867935	534
4.868279	535
4.868390	536
4.868538	537
4.868992	538
4.869039	539
4.869488	540
4.869937	541
4.872804	542
4.873651	543
4.874964	544
4.876023	545
4.876050	546
4.876063	547
4.877552	548
4.877933	549
4.878005	550
4.878030	551
4.878598	552
4.878618	553
4.879355	554
4.880525	555
4.880551	556
4.880799	557
4.882459	558
4.883120	559
4.885543	560
4.885736	561
4.886345	562
4.894249	563
4.895514	564
4.895668	565
4.895961	566
4.895972	567
4.896074	568
4.897697	569
4.898089	570
4.898130	571
4.898146	572
4.898227	573
4.898528	574
4.898666	575
4.898826	576
4.902969	577
4.903012	578
4.903598	579
4.904139	580
4.904545	581
4.906020	582
4.907487	583
4.908253	584
4.908502	585
4.908608	586
4.909019	587
4.909773	588
4.910199	589
4.911438	590
4.911732	591
4.911788	592
4.911819	593
4.912518	594
4.912773	595
4.912935	596
4.912994	597
4.914027	598
4.914119	599
4.914596	600
4.915328	601
4.915332	602
4.917292	603
4.917336	604
4.917430	605
4.921505	606
4.921579	607
4.924868	608
4.928104	609
4.929692	610
4.929707	611
4.929901	612
4.929967	613
4.930166	614
4.930242	615
4.930285	616
4.930483	617
4.931106	618
4.931663	619
4.931971	620
4.932041	621
4.932163	622
4.932884	623
4.934166	624
4.934266	625
4.938362	626
4.939321	627
4.939378	628
4.939462	629
4.940088	630
4.940492	631
4.940613	632
4.940688	633
4.941185	634
4.944877	635
4.945339	636
4.947092	637
4.951166	638
4.951606	639
4.953078	640
4.953141	641
4.953390	642
4.955178	643
4.956825	644
4.957773	645
4.958029	646
4.958856	647
4.959067	648
4.959245	649
4.959329	650
4.960174	651
4.960540	652
4.960584	653
4.960828	654
4.961695	655
4.961784	656
4.962584	657
4.963407	658
4.965381	659
4.966094	660
4.966130	661
4.966170	662
4.967377	663
4.969815	664
4.970257	665
4.970875	666
4.971261	667
4.971468	668
4.971508	669
4.971576	670
4.971625	671
4.971638	672
4.972357	673
4.972522	674
4.972569	675
4.974428	676
4.974523	677
4.975759	678
4.976525	679
4.977348	680
4.977548	681
4.978918	682
4.981407	683
4.981479	684
4.981549	685
4.981864	686
4.984215	687
4.987687	688
4.988837	689
4.988889	690
4.991834	691
4.992949	692
4.992976	693
4.993041	694
4.993052	695
4.993525	696
4.993534	697
4.993593	698
4.993670	699
4.993932	700
4.995119	701
4.995546	702
4.995608	703
4.998347	704
4.998389	705
4.998726	706
4.998887	707
5.000567	708
5.001299	709
5.001567	710
5.001766	711
5.002333	712
5.002353	713
5.002731	714
5.002735	715
5.002961	716
5.003116	717
5.003264	718
5.003576	719
5.003768	720
5.003893	721
5.004675	722
5.005728	723
5.005972	724
5.006236	725
5.006375	726
5.006457	727
5.009459	728
5.009473	729
5.009639	730
5.009712	731
5.010964	732
5.010995	733
5.011082	734
5.011479	735
5.012362	736
5.014582	737
5.018414	738
5.018995	739
5.019002	740
5.020572	741
5.022064	742
5.022597	743
5.022935	744
5.025133	745
5.025412	746
5.026065	747
5.026309	748
5.026561	749
5.027011	750
5.027045	751
5.027317	752
5.027467	753
5.027501	754
5.030745	755
5.031001	756
5.031325	757
5.031407	758
5.031477	759
5.031900	760
5.033492	761
5.034437	762
5.034546	763
5.034597	764
5.034634	765
5.035024	766
5.035073	767
5.035158	768
5.035695	769
5.036360	770
5.037491	771
5.038339	772
5.038390	773
5.038422	774
5.039927	775
5.040279	776
5.041316	777
5.041622	778
5.041675	779
5.041693	780
5.043695	781
5.045143	782
5.045209	783
5.045673	784
5.046641	785
5.047036	786
5.048073	787
5.049288	788
5.049316	789
5.049344	790
5.049996	791
5.050018	792
5.051636	793
5.052451	794
5.054498	795
5.056358	796
5.056395	797
5.056807	798
5.056918	799
5.057082	800
5.057790	801
5.057796	802
5.057858	803
5.057992	804
5.059407	805
5.059612	806
5.064271	807
5.064354	808
5.064445	809
5.065197	810
5.065579	811
5.065605	812
5.065699	813
5.065974	814
5.066132	815
5.066954	816
5.066999	817
5.067054	818
5.067137	819
5.067396	820
5.067471	821
5.067496	822
5.067568	823
5.067792	824
5.068743	825
5.069393	826
5.069837	827
5.071100	828
5.074699	829
5.074859	830
5.075098	831
5.075690	832
5.075821	833
5.075850	834
5.076180	835
5.076187	836
5.076421	837
5.076883	838
5.077813	839
5.081776	840
5.082340	841
5.082584	842
5.082712	843
5.082896	844
5.083073	845
5.083210	846
5.085296	847
5.085870	848
5.086016	849
5.086185	850
5.086359	851
5.086365	852
5.086370	853
5.086413	854
5.087062	855
5.087286	856
5.088389	857
5.088464	858
5.088476	859
5.088854	860
5.091076	861
5.093634	862
5.094018	863
5.094599	864
5.094903	865
5.095257	866
5.095311	867
5.095668	868
5.097235	869
5.097556	870
5.097637	871
5.098485	872
5.098764	873
5.098838	874
5.099191	875
5.100065	876
5.100077	877
5.101167	878
5.101518	879
5.101610	880
5.101646	881
5.102053	882
5.102200	883
5.103122	884
5.103444	885
5.103584	886
5.104857	887
5.105762	888
5.105862	889
5.105930	890
5.105971	891
5.106002	892
5.106040	893
5.106068	894
5.106106	895
5.106267	896
5.106690	897
5.107144	898
5.111445	899
5.112072	900
5.112079	901
5.112582	902
5.113429	903
5.114945	904
5.114993	905
5.115415	906
5.116090	907
5.117262	908
5.117359	909
5.117394	910
5.117727	911
5.118208	912
5.119696	913
5.119782	914
5.119891	915
5.120146	916
5.120583	917
5.120639	918
5.121042	919
5.121164	920
5.121243	921
5.121629	922
5.121813	923
5.123455	924
5.123460	925
5.123649	926
5.123896	927
5.123972	928
5.123992	929
5.124565	930
5.124833	931
5.125031	932
5.125074	933
5.125132	934
5.125873	935
5.126292	936
5.127346	937
5.127522	938
5.129115	939
5.130651	940
5.130702	941
5.132307	942
5.132737	943
5.133847	944
5.134005	945
5.134274	946
5.135009	947
5.136205	948
5.136295	949
5.137708	950
5.137984	951
5.139148	952
5.139661	953
5.139673	954
5.139714	955
5.139942	956
5.140789	957
5.140809	958
5.141094	959
5.142780	960
5.142785	961
5.143177	962
5.143282	963
5.143584	964
5.143693	965
5.144021	966
5.144178	967
5.144344	968
5.144410	969
5.144461	970
5.144516	971
5.145693	972
5.145872	973
5.145878	974
5.145976	975
5.146062	976
5.146117	977
5.147543	978
5.147575	979
5.148515	980
5.148695	981
5.149800	982
5.150556	983
5.151903	984
5.152531	985
5.152569	986
5.152808	987
5.153423	988
5.153426	989
5.154170	990
5.154305	991
5.154399	992
5.154495	993
5.154505	994
5.155935	995
5.156627	996
5.157293	997
5.157472	998
5.157904	999
5.160986	1000
5.161921	1001
5.162379	1002
5.162534	1003
5.162700	1004
5.162763	1005
5.163850	1006
5.164503	1007
5.164600	1008
5.165142	1009
5.165167	1010
5.165285	1011
5.165547	1012
5.165583	1013
5.165928	1014
5.165976	1015
5.166157	1016
5.166271	1017
5.166332	1018
5.166399	1019
5.166914	1020
5.167932	1021
5.168346	1022
5.169086	1023
5.170539	1024
5.170862	1025
5.170888	1026
5.170901	1027
5.171045	1028
5.171392	1029
5.173645	1030
5.174423	1031
5.174562	1032
5.177252	1033
5.177309	1034
5.177347	1035
5.177419	1036
5.177680	1037
5.178945	1038
5.179031	1039
5.179133	1040
5.179187	1041
5.179263	1042
5.179443	1043
5.179509	1044
5.179855	1045
5.180159	1046
5.182708	1047
5.183034	1048
5.186631	1049
5.186954	1050
5.187018	1051
5.187903	1052
5.191641	1053
5.192100	1054
5.192203	1055
5.192260	1056
5.192633	1057
5.193300	1058
5.193504	1059
5.193590	1060
5.193810	1061
5.193850	1062
5.195005	1063
5.195035	1064
5.195799	1065
5.195851	1066
5.196004	1067
5.196310	1068
5.196327	1069
5.196687	1070
5.196908	1071
5.197175	1072
5.197311	1073
5.197631	1074
5.199533	1075
5.199737	1076
5.199788	1077
5.199960	1078
5.200323	1079
5.200346	1080
5.200445	1081
5.201087	1082
5.201153	1083
5.201161	1084
5.201956	1085
5.202205	1086
5.202208	1087
5.202209	1088
5.202213	1089
5.202231	1090
5.202340	1091
5.202361	1092
5.202761	1093
5.203054	1094
5.203064	1095
5.203220	1096
5.203264	1097
5.203329	1098
5.203625	1099
5.204016	1100
5.205559	1101
5.205623	1102
5.209309	1103
5.210787	1104
5.211692	1105
5.215017	1106
5.216171	1107
5.216609	1108
5.216713	1109
5.217301	1110
5.217408	1111
5.219236	1112
5.220369	1113
5.220390	1114
5.220486	1115
5.220802	1116
5.220841	1117
5.220873	1118
5.220913	1119
5.221134	1120
5.221244	1121
5.221747	1122
5.223074	1123
5.223174	1124
5.223190	1125
5.223399	1126
5.223935	1127
5.224257	1128
5.224341	1129
5.224431	1130
5.224756	1131
5.225110	1132
5.225709	1133
5.226378	1134
5.226662	1135
5.227730	1136
5.228729	1137
5.229973	1138
5.230712	1139
5.230880	1140
5.231046	1141
5.231158	1142
5.231202	1143
5.231218	1144
5.231248	1145
5.231664	1146
5.231667	1147
5.232551	1148
5.232666	1149
5.232856	1150
5.233122	1151
5.233225	1152
5.233295	1153
5.233819	1154
5.234062	1155
5.235228	1156
5.235321	1157
5.236918	1158
5.237330	1159
5.238006	1160
5.240417	1161
5.240547	1162
5.240603	1163
5.240692	1164
5.241652	1165
5.241772	1166
5.241808	1167
5.242863	1168
5.242971	1169
5.244611	1170
5.244842	1171
5.244859	1172
5.247542	1173
5.247648	1174
5.247753	1175
5.247785	1176
5.247799	1177
5.247887	1178
5.247939	1179
5.248599	1180
5.249271	1181
5.253478	1182
5.253642	1183
5.253964	1184
5.254883	1185
5.255107	1186
5.255353	1187
5.255396	1188
5.255431	1189
5.255442	1190
5.255506	1191
5.255580	1192
5.255917	1193
5.256014	1194
5.256020	1195
5.256108	1196
5.256362	1197
5.256562	1198
5.256593	1199
5.256712	1200
5.257844	1201
5.257914	1202
5.258224	1203
5.258368	1204
5.258481	1205
5.258608	1206
5.260443	1207
5.261309	1208
5.261604	1209
5.261621	1210
5.261767	1211
5.261829	1212
5.261936	1213
5.262542	1214
5.263080	1215
5.263603	1216
5.265186	1217
5.265455	1218
5.265477	1219
5.265544	1220
5.265864	1221
5.265878	1222
5.266339	1223
5.266860	1224
5.267247	1225
5.268612	1226
5.268620	1227
5.274089	1228
5.274352	1229
5.274390	1230
5.274909	1231
5.275006	1232
5.275111	1233
5.278189	1234
5.278273	1235
5.278314	1236
5.278617	1237
5.278624	1238
5.278695	1239
5.279209	1240
5.279219	1241
5.279539	1242
5.280156	1243
5.281139	1244
5.281209	1245
5.282135	1246
5.282194	1247
5.282469	1248
5.282618	1249
5.282700	1250
5.282735	1251
5.282755	1252
5.283445	1253
5.285544	1254
5.286051	1255
5.286608	1256
5.287403	1257
5.287444	1258
5.287468	1259
5.289296	1260
5.289331	1261
5.289567	1262
5.289942	1263
5.290025	1264
5.290032	1265
5.290118	1266
5.290133	1267
5.290939	1268
5.293385	1269
5.293831	1270
5.294348	1271
5.294783	1272
5.294817	1273
5.295490	1274
5.295520	1275
5.296023	1276
5.296079	1277
5.296557	1278
5.297163	1279
5.297458	1280
5.297901	1281
5.298126	1282
5.298216	1283
5.299480	1284
5.300353	1285
5.300743	1286
5.300982	1287
5.302342	1288
5.302952	1289
5.303212	1290
5.303797	1291
5.304023	1292
5.305820	1293
5.305833	1294
5.306872	1295
5.307070	1296
5.307158	1297
5.307281	1298
5.307991	1299
5.308580	1300
5.309909	1301
5.310110	1302
5.310160	1303
5.311454	1304
5.312456	1305
5.312912	1306
5.313092	1307
5.313967	1308
5.314418	1309
5.314988	1310
5.318667	1311
5.318725	1312
5.318748	1313
5.318800	1314
5.318902	1315
5.318945	1316
5.318986	1317
5.319058	1318
5.319074	1319
5.319227	1320
5.319242	1321
5.319505	1322
5.319533	1323
5.320210	1324
5.320261	1325
5.320302	1326
5.320521	1327
5.320736	1328
5.322048	1329
5.323639	1330
5.325428	1331
5.325999	1332
5.326245	1333
5.326588	1334
5.326644	1335
5.327634	1336
5.327809	1337
5.328338	1338
5.328667	1339
5.328750	1340
5.329139	1341
5.329194	1342
5.329726	1343
5.330463	1344
5.330838	1345
5.332537	1346
5.333728	1347
5.335989	1348
5.336422	1349
5.336443	1350
5.336486	1351
5.337379	1352
5.337788	1353
5.338085	1354
5.338162	1355
5.338605	1356
5.338654	1357
5.338961	1358
5.343310	1359
5.343437	1360
5.343452	1361
5.343998	1362
5.346931	1363
5.347002	1364
5.347183	1365
5.347252	1366
5.347406	1367
5.347462	1368
5.347492	1369
5.347550	1370
5.347599	1371
5.348439	1372
5.348449	1373
5.348556	1374
5.348598	1375
5.348974	1376
5.349090	1377
5.349277	1378
5.349352	1379
5.349445	1380
5.349460	1381
5.349505	1382
5.350416	1383
5.350670	1384
5.351392	1385
5.352197	1386
5.352385	1387
5.356316	1388
5.356374	1389
5.356775	1390
5.356805	1391
5.357084	1392
5.357154	1393
5.357999	1394
5.358021	1395
5.358792	1396
5.358805	1397
5.360090	1398
5.362069	1399
5.362492	1400
5.363157	1401
5.363550	1402
5.363854	1403
5.365328	1404
5.365384	1405
5.365457	1406
5.365624	1407
5.366608	1408
5.366687	1409
5.369115	1410
5.369361	1411
5.369488	1412
5.369627	1413
5.371041	1414
5.371128	1415
5.371800	1416
5.371808	1417
5.372576	1418
5.372685	1419
5.373489	1420
5.373491	1421
5.373565	1422
5.373796	1423
5.374710	1424
5.374945	1425
5.375023	1426
5.375314	1427
5.376417	1428
5.377049	1429
5.377562	1430
5.377917	1431
5.377972	1432
5.380144	1433
5.380177	1434
5.381152	1435
5.381203	1436
5.381718	1437
5.381862	1438
5.382181	1439
5.382252	1440
5.382393	1441
5.382435	1442
5.382955	1443
5.383311	1444
5.383825	1445
5.384976	1446
5.385228	1447
5.385308	1448
5.385866	1449
5.386775	1450
5.387582	1451
5.387666	1452
5.388150	1453
5.388335	1454
5.388717	1455
5.388825	1456
5.389071	1457
5.389183	1458
5.389998	1459
5.390178	1460
5.390312	1461
5.390390	1462
5.390418	1463
5.390459	1464
5.392294	1465
5.397042	1466
5.397054	1467
5.397427	1468
5.397978	1469
5.398097	1470
5.398255	1471
5.398287	1472
5.398744	1473
5.399030	1474
5.399036	1475
5.399174	1476
5.399861	1477
5.399932	1478
5.400556	1479
5.401542	1480
5.401694	1481
5.401894	1482
5.402032	1483
5.404168	1484
5.404479	1485
5.404682	1486
5.405167	1487
5.405775	1488
5.405778	1489
5.405801	1490
5.405869	1491
5.406152	1492
5.406384	1493
5.408726	1494
5.408803	1495
5.409562	1496
5.411541	1497
5.411644	1498
5.411873	1499
5.412024	1500
5.412281	1501
5.412288	1502
5.413082	1503
5.413670	1504
5.413691	1505
5.414128	1506
5.414197	1507
5.414287	1508
5.414358	1509
5.414947	1510
5.415201	1511
5.415274	1512
5.415687	1513
5.415723	1514
5.415782	1515
5.416664	1516
5.417556	1517
5.417940	1518
5.419716	1519
5.419724	1520
5.419752	1521
5.419770	1522
5.421693	1523
5.423144	1524
5.423223	1525
5.423286	1526
5.423487	1527
5.423704	1528
5.423836	1529
5.424402	1530
5.424472	1531
5.424558	1532
5.424691	1533
5.425044	1534
5.425212	1535
5.425372	1536
5.427070	1537
5.428592	1538
5.429726	1539
5.429730	1540
5.430469	1541
5.430699	1542
5.430723	1543
5.430806	1544
5.430939	1545
5.431665	1546
5.432840	1547
5.432890	1548
5.434610	1549
5.436571	1550
5.436593	1551
5.436625	1552
5.436833	1553
5.437737	1554
5.438125	1555
5.439019	1556
5.439328	1557
5.439497	1558
5.439825	1559
5.440311	1560
5.441211	1561
5.441247	1562
5.441314	1563
5.441320	1564
5.441339	1565
5.441392	1566
5.442581	1567
5.446943	1568
5.448601	1569
5.448953	1570
5.449466	1571
5.449727	1572
5.449806	1573
5.449867	1574
5.449946	1575
5.452458	1576
5.452504	1577
5.453088	1578
5.453827	1579
5.454145	1580
5.454208	1581
5.454241	1582
5.454291	1583
5.454535	1584
5.454656	1585
5.454964	1586
5.455476	1587
5.456325	1588
5.457200	1589
5.457313	1590
5.457387	1591
5.457499	1592
5.458332	1593
5.458776	1594
5.460400	1595
5.460453	1596
5.461255	1597
5.461287	1598
5.462368	1599
5.462426	1600
5.462951	1601
5.463336	1602
5.463451	1603
5.463533	1604
5.463852	1605
5.464949	1606
5.466718	1607
5.467159	1608
5.467396	1609
5.467831	1610
5.467992	1611
5.468090	1612
5.468130	1613
5.468165	1614
5.468171	1615
5.468640	1616
5.469066	1617
5.469106	1618
5.470105	1619
5.470511	1620
5.470758	1621
5.470760	1622
5.471060	1623
5.471746	1624
5.473051	1625
5.475521	1626
5.475594	1627
5.475940	1628
5.476334	1629
5.477583	1630
5.479946	1631
5.479997	1632
5.480004	1633
5.480034	1634
5.480072	1635
5.481104	1636
5.481231	1637
5.481288	1638
5.481291	1639
5.481315	1640
5.482272	1641
5.482790	1642
5.484114	1643
5.484702	1644
5.489876	1645
5.489967	1646
5.490014	1647
5.490081	1648
5.490321	1649
5.490349	1650
5.491727	1651
5.491786	1652
5.492035	1653
5.492064	1654
5.492146	1655
5.492164	1656
5.492698	1657
5.492928	1658
5.492948	1659
5.493036	1660
5.493058	1661
5.493221	1662
5.493396	1663
5.494037	1664
5.494231	1665
5.495740	1666
5.495870	1667
5.498046	1668
5.498218	1669
5.498887	1670
5.498915	1671
5.500166	1672
5.504593	1673
5.507066	1674
5.507829	1675
5.508290	1676
5.508425	1677
5.508430	1678
5.508716	1679
5.508720	1680
5.508749	1681
5.508818	1682
5.509605	1683
5.509682	1684
5.510294	1685
5.510298	1686
5.510932	1687
5.511855	1688
5.511956	1689
5.516097	1690
5.516462	1691
5.516691	1692
5.518096	1693
5.518229	1694
5.519189	1695
5.519202	1696
5.519330	1697
5.520706	1698
5.520726	1699
5.520814	1700
5.522215	1701
5.522285	1702
5.522645	1703
5.522810	1704
5.522942	1705
5.522954	1706
5.523213	1707
5.523225	1708
5.523248	1709
5.523385	1710
5.525631	1711
5.525800	1712
5.525807	1713
5.525885	1714
5.526179	1715
5.526252	1716
5.527251	1717
5.527732	1718
5.527852	1719
5.528197	1720
5.528908	1721
5.529066	1722
5.531358	1723
5.532187	1724
5.532647	1725
5.532853	1726
5.532935	1727
5.533159	1728
5.533183	1729
5.533261	1730
5.534986	1731
5.536290	1732
5.536402	1733
5.536418	1734
5.536427	1735
5.536509	1736
5.536870	1737
5.537348	1738
5.537787	1739
5.537867	1740
5.538708	1741
5.538950	1742
5.539008	1743
5.539192	1744
5.540909	1745
5.540930	1746
5.544177	1747
5.544520	1748
5.544982	1749
5.545230	1750
5.545272	1751
5.546163	1752
5.546776	1753
5.547774	1754
5.548569	1755
5.548706	1756
5.548754	1757
5.548804	1758
5.549045	1759
5.549433	1760
5.550619	1761
5.550647	1762
5.550739	1763
5.550789	1764
5.551228	1765
5.552129	1766
5.552407	1767
5.552506	1768
5.552548	1769
5.552589	1770
5.552596	1771
5.552641	1772
5.552737	1773
5.552743	1774
5.553000	1775
5.553454	1776
5.553455	1777
5.554377	1778
5.554385	1779
5.554568	1780
5.554693	1781
5.555168	1782
5.555900	1783
5.556468	1784
5.556474	1785
5.556632	1786
5.557061	1787
5.557305	1788
5.557361	1789
5.557375	1790
5.557667	1791
5.557699	1792
5.557955	1793
5.559993	1794
5.560305	1795
5.562646	1796
5.562776	1797
5.563211	1798
5.563273	1799
5.564167	1800
5.564351	1801
5.564483	1802
5.564738	1803
5.564763	1804
5.565307	1805
5.565427	1806
5.565921	1807
5.566013	1808
5.566837	1809
5.567311	1810
5.567441	1811
5.568613	1812
5.568639	1813
5.569098	1814
5.569906	1815
5.570424	1816
5.570808	1817
5.570847	1818
5.570893	1819
5.570947	1820
5.571545	1821
5.571610	1822
5.571632	1823
5.571640	1824
5.571684	1825
5.571701	1826
5.571722	1827
5.571728	1828
5.572239	1829
5.572492	1830
5.572594	1831
5.573008	1832
5.573221	1833
5.573569	1834
5.573720	1835
5.576825	1836
5.576835	1837
5.577637	1838
5.577710	1839
5.577724	1840
5.578418	1841
5.578641	1842
5.578877	1843
5.578909	1844
5.579312	1845
5.579527	1846
5.579728	1847
5.579863	1848
5.579867	1849
5.580230	1850
5.580252	1851
5.580443	1852
5.580473	1853
5.580870	1854
5.580889	1855
5.581951	1856
5.582095	1857
5.583627	1858
5.583798	1859
5.584175	1860
5.585330	1861
5.585634	1862
5.585649	1863
5.585696	1864
5.585759	1865
5.586248	1866
5.586586	1867
5.586632	1868
5.587179	1869
5.587318	1870
5.587879	1871
5.588108	1872
5.588130	1873
5.588158	1874
5.588338	1875
5.589178	1876
5.589255	1877
5.589892	1878
5.589918	1879
5.590313	1880
5.593283	1881
5.595293	1882
5.595558	1883
5.595668	1884
5.596230	1885
5.596829	1886
5.597657	1887
5.597665	1888
5.597802	1889
5.597904	1890
5.597912	1891
5.598333	1892
5.598370	1893
5.598887	1894
5.599211	1895
5.599241	1896
5.599636	1897
5.600163	1898
5.600223	1899
5.600358	1900
5.600540	1901
5.600864	1902
5.601161	1903
5.601191	1904
5.601201	1905
5.601783	1906
5.601846	1907
5.602079	1908
5.602267	1909
5.602273	1910
5.602367	1911
5.603339	1912
5.603753	1913
5.604138	1914
5.604283	1915
5.604338	1916
5.604615	1917
5.604699	1918
5.604725	1919
5.605223	1920
5.605288	1921
5.605371	1922
5.605456	1923
5.605525	1924
5.605648	1925
5.608784	1926
5.609139	1927
5.609147	1928
5.609173	1929
5.609261	1930
5.609377	1931
5.609738	1932
5.609744	1933
5.609750	1934
5.610193	1935
5.610278	1936
5.611443	1937
5.611473	1938
5.613414	1939
5.614067	1940
5.618182	1941
5.618240	1942
5.618287	1943
5.618911	1944
5.619389	1945
5.619867	1946
5.620043	1947
5.620056	1948
5.620073	1949
5.620083	1950
5.620679	1951
5.620713	1952
5.620716	1953
5.620776	1954
5.620823	1955
5.621334	1956
5.621453	1957
5.621539	1958
5.621748	1959
5.621846	1960
5.621850	1961
5.622108	1962
5.622186	1963
5.622860	1964
5.623160	1965
5.623373	1966
5.623951	1967
5.624409	1968
5.624458	1969
5.624508	1970
5.624772	1971
5.624853	1972
5.624940	1973
5.625034	1974
5.625965	1975
5.626024	1976
5.626054	1977
5.626117	1978
5.626200	1979
5.626435	1980
5.626459	1981
5.627688	1982
5.628919	1983
5.629009	1984
5.632802	1985
5.633032	1986
5.633359	1987
5.633377	1988
5.633413	1989
5.633439	1990
5.633467	1991
5.633753	1992
5.634094	1993
5.634645	1994
5.634725	1995
5.634921	1996
5.634929	1997
5.635439	1998
5.635487	1999
5.635880	2000
5.635893	2001
5.635930	2002
5.635962	2003
5.637537	2004
5.637674	2005
5.637764	2006
5.637881	2007
5.638126	2008
5.638356	2009
5.638501	2010
5.638901	2011
5.639610	2012
5.639624	2013
5.639842	2014
5.639992	2015
5.641170	2016
5.641222	2017
5.641715	2018
5.642064	2019
5.643811	2020
5.643823	2021
5.643866	2022
5.644226	2023
5.645223	2024
5.646065	2025
5.646175	2026
5.646460	2027
5.647184	2028
5.647892	2029
5.647963	2030
5.647996	2031
5.648202	2032
5.648235	2033
5.648448	2034
5.649306	2035
5.650485	2036
5.650554	2037
5.650645	2038
5.650773	2039
5.650992	2040
5.651258	2041
5.651639	2042
5.651726	2043
5.651860	2044
5.651886	2045
5.652120	2046
5.652196	2047
5.652302	2048
5.652394	2049
5.652509	2050
5.652589	2051
5.652703	2052
5.652812	2053
5.652881	2054
5.652902	2055
5.652905	2056
5.652972	2057
5.654308	2058
5.654379	2059
5.654691	2060
5.654711	2061
5.654805	2062
5.654923	2063
5.655077	2064
5.655201	2065
5.655373	2066
5.655545	2067
5.656951	2068
5.657466	2069
5.657520	2070
5.657582	2071
5.657594	2072
5.657605	2073
5.657941	2074
5.658071	2075
5.658129	2076
5.658373	2077
5.659036	2078
5.659045	2079
5.666476	2080
5.667382	2081
5.668374	2082
5.668559	2083
5.668763	2084
5.669886	2085
5.669957	2086
5.670209	2087
5.670218	2088
5.670447	2089
5.670454	2090
5.670505	2091
5.670689	2092
5.670751	2093
5.670896	2094
5.671108	2095
5.671126	2096
5.671301	2097
5.671587	2098
5.671652	2099
5.671666	2100
5.671747	2101
5.671858	2102
5.671886	2103
5.671973	2104
5.671981	2105
5.672620	2106
5.672839	2107
5.673266	2108
5.673495	2109
5.675345	2110
5.675474	2111
5.675474	2112
5.675480	2113
5.675480	2114
5.675528	2115
5.675574	2116
5.675872	2117
5.676047	2118
5.676094	2119
5.676186	2120
5.676334	2121
5.676496	2122
5.677439	2123
5.677515	2124
5.677665	2125
5.677747	2126
5.679341	2127
5.679551	2128
5.680658	2129
5.681306	2130
5.681312	2131
5.681558	2132
5.681721	2133
5.681722	2134
5.681725	2135
5.681790	2136
5.681908	2137
5.682071	2138
5.682300	2139
5.682322	2140
5.682444	2141
5.682580	2142
5.682641	2143
5.683542	2144
5.683596	2145
5.683903	2146
5.684051	2147
5.684127	2148
5.684368	2149
5.684413	2150
5.686415	2151
5.687478	2152
5.688496	2153
5.688509	2154
5.688958	2155
5.689542	2156
5.690026	2157
5.690068	2158
5.690188	2159
5.690890	2160
5.691017	2161
5.691165	2162
5.694180	2163
5.695053	2164
5.695240	2165
5.695424	2166
5.695436	2167
5.695986	2168
5.696167	2169
5.696747	2170
5.696804	2171
5.696892	2172
5.696900	2173
5.696998	2174
5.697065	2175
5.697926	2176
5.697976	2177
5.698185	2178
5.698496	2179
5.698499	2180
5.698527	2181
5.699179	2182
5.699224	2183
5.699555	2184
5.699581	2185
5.700270	2186
5.700476	2187
5.700717	2188
5.700732	2189
5.700744	2190
5.700951	2191
5.701071	2192
5.701121	2193
5.701779	2194
5.701845	2195
5.701919	2196
5.701975	2197
5.702245	2198
5.702766	2199
5.703657	2200
5.703685	2201
5.703966	2202
5.704520	2203
5.705164	2204
5.705262	2205
5.705297	2206
5.705299	2207
5.705405	2208
5.705492	2209
5.705541	2210
5.705571	2211
5.705634	2212
5.705663	2213
5.705665	2214
5.705701	2215
5.706257	2216
5.706413	2217
5.706808	2218
5.706872	2219
5.707149	2220
5.707234	2221
5.708987	2222
5.709152	2223
5.709373	2224
5.709429	2225
5.709563	2226
5.710124	2227
5.710350	2228
5.710851	2229
5.710933	2230
5.711254	2231
5.711441	2232
5.711507	2233
5.712589	2234
5.712700	2235
5.713673	2236
5.713762	2237
5.714420	2238
5.714492	2239
5.714611	2240
5.715741	2241
5.715779	2242
5.715823	2243
5.715911	2244
5.716214	2245
5.716278	2246
5.716714	2247
5.717113	2248
5.717177	2249
5.717267	2250
5.717289	2251
5.717382	2252
5.717448	2253
5.717543	2254
5.717882	2255
5.717916	2256
5.718423	2257
5.719727	2258
5.719855	2259
5.720849	2260
5.721270	2261
5.722654	2262
5.724646	2263
5.724956	2264
5.724984	2265
5.725535	2266
5.726277	2267
5.726560	2268
5.726727	2269
5.727294	2270
5.727727	2271
5.727729	2272
5.727761	2273
5.727785	2274
5.727834	2275
5.728745	2276
5.729154	2277
5.729596	2278
5.729754	2279
5.729809	2280
5.729879	2281
5.730165	2282
5.730292	2283
5.730322	2284
5.730337	2285
5.730371	2286
5.730453	2287
5.730515	2288
5.730844	2289
5.730919	2290
5.731046	2291
5.731132	2292
5.731274	2293
5.731750	2294
5.732098	2295
5.732164	2296
5.732883	2297
5.733902	2298
5.734566	2299
5.734932	2300
5.734955	2301
5.735069	2302
5.735137	2303
5.735205	2304
5.735771	2305
5.735783	2306
5.735786	2307
5.735834	2308
5.735836	2309
5.735859	2310
5.735882	2311
5.735953	2312
5.736177	2313
5.736196	2314
5.736731	2315
5.736817	2316
5.738264	2317
5.738429	2318
5.738471	2319
5.738540	2320
5.738818	2321
5.739056	2322
5.740777	2323
5.740778	2324
5.742652	2325
5.743240	2326
5.743257	2327
5.743290	2328
5.743438	2329
5.744092	2330
5.744405	2331
5.744751	2332
5.745013	2333
5.745346	2334
5.745434	2335
5.745505	2336
5.746291	2337
5.746710	2338
5.746733	2339
5.746865	2340
5.746890	2341
5.747203	2342
5.747523	2343
5.747701	2344
5.747862	2345
5.748009	2346
5.748914	2347
5.749346	2348
5.749403	2349
5.749581	2350
5.749825	2351
5.749890	2352
5.750014	2353
5.751523	2354
5.751957	2355
5.753920	2356
5.755447	2357
5.755496	2358
5.755561	2359
5.755568	2360
5.755592	2361
5.755612	2362
5.756148	2363
5.756402	2364
5.756504	2365
5.756597	2366
5.756678	2367
5.756927	2368
5.757037	2369
5.757318	2370
5.757332	2371
5.757350	2372
5.757946	2373
5.758007	2374
5.758458	2375
5.758459	2376
5.758541	2377
5.758542	2378
5.758687	2379
5.758699	2380
5.758738	2381
5.758805	2382
5.758976	2383
5.759029	2384
5.759418	2385
5.759553	2386
5.759631	2387
5.760938	2388
5.760989	2389
5.761892	2390
5.761950	2391
5.762371	2392
5.762918	2393
5.762971	2394
5.762993	2395
5.763076	2396
5.763178	2397
5.763814	2398
5.764108	2399
5.764437	2400
5.764673	2401
5.764808	2402
5.764856	2403
5.764904	2404
5.765133	2405
5.765202	2406
5.765272	2407
5.765871	2408
5.765884	2409
5.766229	2410
5.766748	2411
5.766847	2412
5.766936	2413
5.767461	2414
5.769338	2415
5.769591	2416
5.771222	2417
5.771225	2418
5.771666	2419
5.771896	2420
5.772162	2421
5.772583	2422
5.772690	2423
5.772984	2424
5.773637	2425
5.773678	2426
5.774007	2427
5.774110	2428
5.774135	2429
5.774189	2430
5.774294	2431
5.774600	2432
5.774921	2433
5.775057	2434
5.775121	2435
5.775467	2436
5.775702	2437
5.777640	2438
5.777640	2439
5.777728	2440
5.777812	2441
5.777877	2442
5.778031	2443
5.778151	2444
5.778187	2445
5.778403	2446
5.778705	2447
5.778920	2448
5.779016	2449
5.779058	2450
5.779121	2451
5.779601	2452
5.779760	2453
5.780178	2454
5.780182	2455
5.780845	2456
5.781864	2457
5.781882	2458
5.783609	2459
5.783741	2460
5.785046	2461
5.785133	2462
5.785403	2463
5.785456	2464
5.785515	2465
5.785528	2466
5.785546	2467
5.785607	2468
5.786073	2469
5.786096	2470
5.786240	2471
5.786721	2472
5.786725	2473
5.786773	2474
5.787452	2475
5.787831	2476
5.787925	2477
5.787941	2478
5.787962	2479
5.788428	2480
5.788979	2481
5.789054	2482
5.789270	2483
5.789344	2484
5.789367	2485
5.789454	2486
5.789552	2487
5.790002	2488
5.790119	2489
5.790285	2490
5.791189	2491
5.791860	2492
5.792185	2493
5.792334	2494
5.792832	2495
5.793032	2496
5.793386	2497
5.793625	2498
5.794137	2499
5.794801	2500
5.795881	2501
5.795938	2502
5.795991	2503
5.796018	2504
5.796022	2505
5.796028	2506
5.796049	2507
5.796183	2508
5.796383	2509
5.796718	2510
5.796766	2511
5.797788	2512
5.798115	2513
5.798205	2514
5.798763	2515
5.798936	2516
5.798954	2517
5.800429	2518
5.800739	2519
5.800747	2520
5.800803	2521
5.800868	2522
5.801146	2523
5.801456	2524
5.801706	2525
5.801891	2526
5.802068	2527
5.802182	2528
5.802348	2529
5.802350	2530
5.802415	2531
5.802426	2532
5.802471	2533
5.802502	2534
5.802642	2535
5.802709	2536
5.802719	2537
5.802746	2538
5.802807	2539
5.804525	2540
5.804543	2541
5.804594	2542
5.806046	2543
5.806119	2544
5.806387	2545
5.806533	2546
5.806626	2547
5.807099	2548
5.807120	2549
5.808049	2550
5.808073	2551
5.808488	2552
5.808488	2553
5.808689	2554
5.808723	2555
5.808762	2556
5.810071	2557
5.810078	2558
5.812433	2559
5.812715	2560
5.812725	2561
5.812793	2562
5.812805	2563
5.812807	2564
5.813683	2565
5.814027	2566
5.814063	2567
5.814079	2568
5.814421	2569
5.814539	2570
5.814605	2571
5.814752	2572
5.814906	2573
5.815095	2574
5.815111	2575
5.815137	2576
5.815158	2577
5.815673	2578
5.815679	2579
5.815830	2580
5.817948	2581
5.818355	2582
5.818395	2583
5.818421	2584
5.818515	2585
5.818528	2586
5.818688	2587
5.820008	2588
5.820180	2589
5.820315	2590
5.820927	2591
5.821284	2592
5.821308	2593
5.821753	2594
5.822349	2595
5.822514	2596
5.822741	2597
5.822751	2598
5.823028	2599
5.823648	2600
5.823742	2601
5.823992	2602
5.824664	2603
5.824956	2604
5.825106	2605
5.825419	2606
5.825470	2607
5.825502	2608
5.825559	2609
5.826172	2610
5.826201	2611
5.826280	2612
5.826878	2613
5.826898	2614
5.826936	2615
5.827285	2616
5.827385	2617
5.827495	2618
5.827978	2619
5.828301	2620
5.828415	2621
5.828487	2622
5.828616	2623
5.828806	2624
5.829954	2625
5.829974	2626
5.830192	2627
5.830445	2628
5.830514	2629
5.830600	2630
5.830605	2631
5.831184	2632
5.831516	2633
5.832506	2634
5.832690	2635
5.832738	2636
5.832816	2637
5.833108	2638
5.833169	2639
5.835237	2640
5.835615	2641
5.835731	2642
5.836756	2643
5.837426	2644
5.837527	2645
5.837583	2646
5.837856	2647
5.837910	2648
5.838005	2649
5.838024	2650
5.838196	2651
5.838719	2652
5.838747	2653
5.838805	2654
5.838859	2655
5.838885	2656
5.839032	2657
5.839032	2658
5.839034	2659
5.839461	2660
5.839655	2661
5.839669	2662
5.840082	2663
5.840551	2664
5.840981	2665
5.841037	2666
5.841428	2667
5.841692	2668
5.841835	2669
5.841936	2670
5.842396	2671
5.843498	2672
5.844253	2673
5.844503	2674
5.844504	2675
5.844600	2676
5.845198	2677
5.845216	2678
5.845299	2679
5.845834	2680
5.845934	2681
5.846603	2682
5.846662	2683
5.846708	2684
5.847952	2685
5.848071	2686
5.848332	2687
5.848435	2688
5.849505	2689
5.849849	2690
5.849987	2691
5.851015	2692
5.852587	2693
5.852953	2694
5.853348	2695
5.853360	2696
5.853439	2697
5.853569	2698
5.853573	2699
5.854170	2700
5.854229	2701
5.854275	2702
5.854447	2703
5.854528	2704
5.854544	2705
5.854763	2706
5.854802	2707
5.854858	2708
5.855058	2709
5.855274	2710
5.855287	2711
5.856410	2712
5.856676	2713
5.856678	2714
5.857314	2715
5.857452	2716
5.857740	2717
5.857983	2718
5.858394	2719
5.858514	2720
5.858640	2721
5.858701	2722
5.859042	2723
5.859124	2724
5.859711	2725
5.860732	2726
5.860822	2727
5.861110	2728
5.863755	2729
5.863960	2730
5.864470	2731
5.865174	2732
5.865617	2733
5.865761	2734
5.865994	2735
5.866206	2736
5.866280	2737
5.867132	2738
5.867543	2739
5.867857	2740
5.868109	2741
5.868378	2742
5.868452	2743
5.868529	2744
5.868585	2745
5.868611	2746
5.868622	2747
5.868769	2748
5.868917	2749
5.868955	2750
5.869122	2751
5.869196	2752
5.869646	2753
5.870045	2754
5.870088	2755
5.870118	2756
5.870160	2757
5.870740	2758
5.870762	2759
5.870804	2760
5.870911	2761
5.870943	2762
5.871086	2763
5.871093	2764
5.871202	2765
5.871250	2766
5.871275	2767
5.872207	2768
5.872264	2769
5.872287	2770
5.872914	2771
5.873621	2772
5.873648	2773
5.873659	2774
5.873983	2775
5.874264	2776
5.874360	2777
5.874542	2778
5.874712	2779
5.874820	2780
5.875145	2781
5.876011	2782
5.876016	2783
5.876160	2784
5.877442	2785
5.878528	2786
5.878532	2787
5.878600	2788
5.878638	2789
5.878951	2790
5.878992	2791
5.879016	2792
5.879713	2793
5.880844	2794
5.880900	2795
5.881027	2796
5.881273	2797
5.881287	2798
5.881422	2799
5.882845	2800
5.883019	2801
5.883156	2802
5.883223	2803
5.883233	2804
5.883301	2805
5.883660	2806
5.885385	2807
5.885644	2808
5.885818	2809
5.886190	2810
5.887460	2811
5.887715	2812
5.888066	2813
5.888093	2814
5.889465	2815
5.889719	2816
5.889748	2817
5.890307	2818
5.890363	2819
5.890374	2820
5.890443	2821
5.890463	2822
5.890646	2823
5.890885	2824
5.891823	2825
5.892377	2826
5.893339	2827
5.893580	2828
5.893597	2829
5.894104	2830
5.895111	2831
5.895307	2832
5.895328	2833
5.896555	2834
5.896591	2835
5.896666	2836
5.897032	2837
5.897180	2838
5.897249	2839
5.897534	2840
5.897534	2841
5.897542	2842
5.897697	2843
5.897737	2844
5.897871	2845
5.897949	2846
5.897966	2847
5.898015	2848
5.898091	2849
5.898311	2850
5.899166	2851
5.899987	2852
5.900333	2853
5.900368	2854
5.900768	2855
5.900865	2856
5.901006	2857
5.901013	2858
5.901100	2859
5.901135	2860
5.901186	2861
5.901195	2862
5.901218	2863
5.901302	2864
5.901315	2865
5.901399	2866
5.901762	2867
5.901877	2868
5.902321	2869
5.902372	2870
5.902431	2871
5.903162	2872
5.903187	2873
5.903312	2874
5.903365	2875
5.904898	2876
5.904904	2877
5.905078	2878
5.905284	2879
5.905393	2880
5.905422	2881
5.905453	2882
5.905501	2883
5.905723	2884
5.905725	2885
5.905734	2886
5.906015	2887
5.906155	2888
5.906193	2889
5.906237	2890
5.906306	2891
5.906331	2892
5.906558	2893
5.906561	2894
5.907143	2895
5.907199	2896
5.907228	2897
5.907229	2898
5.907256	2899
5.907475	2900
5.907573	2901
5.907808	2902
5.908188	2903
5.908433	2904
5.909063	2905
5.909113	2906
5.909205	2907
5.909439	2908
5.910631	2909
5.911422	2910
5.912893	2911
5.913319	2912
5.913380	2913
5.913478	2914
5.913483	2915
5.915635	2916
5.916051	2917
5.916065	2918
5.916112	2919
5.916330	2920
5.916868	2921
5.917431	2922
5.917523	2923
5.918106	2924
5.918270	2925
5.918313	2926
5.918865	2927
5.919229	2928
5.919735	2929
5.919775	2930
5.919818	2931
5.919847	2932
5.921071	2933
5.921564	2934
5.921609	2935
5.921649	2936
5.922231	2937
5.922451	2938
5.923113	2939
5.924433	2940
5.924656	2941
5.924732	2942
5.924934	2943
5.925178	2944
5.925777	2945
5.925820	2946
5.925942	2947
5.925959	2948
5.926819	2949
5.926979	2950
5.927094	2951
5.927352	2952
5.927457	2953
5.927504	2954
5.927536	2955
5.927682	2956
5.927738	2957
5.927856	2958
5.928086	2959
5.928190	2960
5.928646	2961
5.928776	2962
5.928832	2963
5.929081	2964
5.929129	2965
5.929150	2966
5.929172	2967
5.929172	2968
5.930009	2969
5.930638	2970
5.930703	2971
5.930870	2972
5.930965	2973
5.932676	2974
5.932865	2975
5.932881	2976
5.932901	2977
5.933055	2978
5.933104	2979
5.933202	2980
5.933249	2981
5.933387	2982
5.933443	2983
5.933576	2984
5.933622	2985
5.933707	2986
5.933881	2987
5.934034	2988
5.934256	2989
5.934324	2990
5.934513	2991
5.934543	2992
5.934546	2993
5.934914	2994
5.934973	2995
5.935771	2996
5.936369	2997
5.936432	2998
5.936747	2999
5.936933	3000
5.937077	3001
5.937403	3002
5.937953	3003
5.938013	3004
5.938609	3005
5.938617	3006
5.938929	3007
5.938945	3008
5.938978	3009
5.939181	3010
5.939223	3011
5.939309	3012
5.939378	3013
5.939761	3014
5.940055	3015
5.940179	3016
5.940259	3017
5.940281	3018
5.940761	3019
5.940907	3020
5.941451	3021
5.941662	3022
5.941949	3023
5.941959	3024
5.942799	3025
5.943091	3026
5.943207	3027
5.943261	3028
5.943807	3029
5.944273	3030
5.944453	3031
5.945025	3032
5.945344	3033
5.945451	3034
5.945482	3035
5.945596	3036
5.947527	3037
5.947790	3038
5.947960	3039
5.948910	3040
5.949093	3041
5.949347	3042
5.950140	3043
5.950143	3044
5.951309	3045
5.951328	3046
5.951398	3047
5.951656	3048
5.951674	3049
5.952600	3050
5.954263	3051
5.954379	3052
5.954812	3053
5.954833	3054
5.956278	3055
5.957584	3056
5.957661	3057
5.957783	3058
5.958138	3059
5.958227	3060
5.958440	3061
5.958870	3062
5.958870	3063
5.958891	3064
5.959421	3065
5.959623	3066
5.959689	3067
5.959742	3068
5.959889	3069
5.959891	3070
5.960198	3071
5.960318	3072
5.960322	3073
5.960384	3074
5.960545	3075
5.960594	3076
5.960595	3077
5.960691	3078
5.960732	3079
5.961470	3080
5.961756	3081
5.961791	3082
5.961817	3083
5.962020	3084
5.962076	3085
5.962102	3086
5.962108	3087
5.962490	3088
5.962599	3089
5.962649	3090
5.962669	3091
5.962727	3092
5.963033	3093
5.963537	3094
5.964653	3095
5.964688	3096
5.964695	3097
5.964917	3098
5.964947	3099
5.965323	3100
5.965496	3101
5.965940	3102
5.965961	3103
5.966241	3104
5.968249	3105
5.968416	3106
5.968565	3107
5.968701	3108
5.968806	3109
5.968883	3110
5.969072	3111
5.969645	3112
5.969679	3113
5.969894	3114
5.969941	3115
5.969976	3116
5.970029	3117
5.970253	3118
5.972640	3119
5.972664	3120
5.972691	3121
5.972858	3122
5.973398	3123
5.973603	3124
5.974124	3125
5.974138	3126
5.974335	3127
5.975734	3128
5.975838	3129
5.976222	3130
5.976668	3131
5.976675	3132
5.976713	3133
5.976730	3134
5.976870	3135
5.976944	3136
5.976947	3137
5.977331	3138
5.977353	3139
5.977534	3140
5.977889	3141
5.977981	3142
5.978061	3143
5.978589	3144
5.978643	3145
5.978700	3146
5.978735	3147
5.979214	3148
5.979340	3149
5.979723	3150
5.979743	3151
5.980036	3152
5.980049	3153
5.980103	3154
5.980302	3155
5.980351	3156
5.980360	3157
5.980383	3158
5.982199	3159
5.982216	3160
5.982315	3161
5.983156	3162
5.983622	3163
5.983698	3164
5.983985	3165
5.984810	3166
5.985626	3167
5.985937	3168
5.986059	3169
5.986876	3170
5.989078	3171
5.989355	3172
5.989516	3173
5.989529	3174
5.989591	3175
5.989634	3176
5.989690	3177
5.989819	3178
5.990138	3179
5.990185	3180
5.990209	3181
5.990507	3182
5.990599	3183
5.990652	3184
5.991090	3185
5.991324	3186
5.991329	3187
5.991943	3188
5.991944	3189
5.991999	3190
5.992002	3191
5.992037	3192
5.992080	3193
5.992123	3194
5.992170	3195
5.992285	3196
5.992299	3197
5.992443	3198
5.993509	3199
5.994753	3200
5.994864	3201
5.994887	3202
5.995236	3203
5.995326	3204
5.995398	3205
5.995698	3206
5.995811	3207
5.996662	3208
5.996677	3209
5.996698	3210
5.996701	3211
5.997331	3212
5.997790	3213
5.997796	3214
5.998399	3215
5.999014	3216
5.999043	3217
5.999083	3218
6.000035	3219
6.000074	3220
6.000134	3221
6.000510	3222
6.000594	3223
6.000857	3224
6.001504	3225
6.001758	3226
6.001921	3227
6.002613	3228
6.002780	3229
6.002897	3230
6.003267	3231
6.003677	3232
6.003996	3233
6.005322	3234
6.005680	3235
6.006107	3236
6.006497	3237
6.006878	3238
6.007198	3239
6.007213	3240
6.007222	3241
6.007235	3242
6.007269	3243
6.007303	3244
6.007393	3245
6.008506	3246
6.009306	3247
6.009358	3248
6.009483	3249
6.010241	3250
6.011027	3251
6.011103	3252
6.011184	3253
6.011298	3254
6.011332	3255
6.011406	3256
6.011715	3257
6.011772	3258
6.012456	3259
6.012755	3260
6.012779	3261
6.012935	3262
6.012991	3263
6.013779	3264
6.013835	3265
6.015094	3266
6.015871	3267
6.015902	3268
6.016036	3269
6.016377	3270
6.016397	3271
6.016414	3272
6.016562	3273
6.016629	3274
6.016711	3275
6.017000	3276
6.017643	3277
6.017733	3278
6.017749	3279
6.017847	3280
6.019582	3281
6.019686	3282
6.020166	3283
6.020607	3284
6.022306	3285
6.022562	3286
6.022622	3287
6.022690	3288
6.022904	3289
6.022948	3290
6.022974	3291
6.023022	3292
6.023839	3293
6.023895	3294
6.024773	3295
6.025169	3296
6.025205	3297
6.025251	3298
6.025286	3299
6.025624	3300
6.025896	3301
6.026124	3302
6.027210	3303
6.027745	3304
6.027780	3305
6.027822	3306
6.028016	3307
6.028360	3308
6.028399	3309
6.028399	3310
6.028409	3311
6.029527	3312
6.029558	3313
6.029576	3314
6.029857	3315
6.029985	3316
6.030118	3317
6.030355	3318
6.030491	3319
6.030675	3320
6.030962	3321
6.031333	3322
6.031533	3323
6.031896	3324
6.032266	3325
6.032344	3326
6.032868	3327
6.033074	3328
6.033095	3329
6.033104	3330
6.033162	3331
6.033388	3332
6.033453	3333
6.033568	3334
6.033613	3335
6.033635	3336
6.036631	3337
6.038276	3338
6.038277	3339
6.038547	3340
6.038777	3341
6.039287	3342
6.039599	3343
6.040370	3344
6.040468	3345
6.041133	3346
6.041203	3347
6.041266	3348
6.041493	3349
6.041733	3350
6.041742	3351
6.042074	3352
6.042146	3353
6.042198	3354
6.042201	3355
6.042260	3356
6.042311	3357
6.042328	3358
6.042455	3359
6.042515	3360
6.042779	3361
6.042816	3362
6.042844	3363
6.043036	3364
6.043075	3365
6.043157	3366
6.043164	3367
6.044419	3368
6.045870	3369
6.045884	3370
6.046535	3371
6.046728	3372
6.046751	3373
6.046952	3374
6.046960	3375
6.048143	3376
6.048434	3377
6.048442	3378
6.048530	3379
6.048556	3380
6.049495	3381
6.049605	3382
6.049896	3383
6.050071	3384
6.050272	3385
6.050955	3386
6.051377	3387
6.051457	3388
6.051499	3389
6.051655	3390
6.051959	3391
6.052562	3392
6.052584	3393
6.052695	3394
6.052760	3395
6.052809	3396
6.052842	3397
6.052976	3398
6.053006	3399
6.053137	3400
6.053288	3401
6.053439	3402
6.053555	3403
6.053685	3404
6.054084	3405
6.054576	3406
6.055211	3407
6.055282	3408
6.055512	3409
6.055534	3410
6.055981	3411
6.056028	3412
6.056065	3413
6.056068	3414
6.056094	3415
6.056122	3416
6.056216	3417
6.056292	3418
6.056320	3419
6.056489	3420
6.056634	3421
6.058262	3422
6.058263	3423
6.059210	3424
6.060119	3425
6.060254	3426
6.060279	3427
6.061155	3428
6.061193	3429
6.061307	3430
6.061314	3431
6.061456	3432
6.061780	3433
6.061837	3434
6.061895	3435
6.061950	3436
6.062188	3437
6.062279	3438
6.062364	3439
6.063423	3440
6.064515	3441
6.064610	3442
6.065865	3443
6.065895	3444
6.065934	3445
6.066240	3446
6.066792	3447
6.067218	3448
6.067682	3449
6.069014	3450
6.069156	3451
6.069284	3452
6.069290	3453
6.069309	3454
6.069807	3455
6.070168	3456
6.070216	3457
6.073018	3458
6.073652	3459
6.074259	3460
6.074410	3461
6.074458	3462
6.074562	3463
6.074684	3464
6.074715	3465
6.074811	3466
6.074824	3467
6.075143	3468
6.075257	3469
6.076179	3470
6.076185	3471
6.076249	3472
6.076261	3473
6.076419	3474
6.076714	3475
6.077099	3476
6.077432	3477
6.077739	3478
6.077805	3479
6.077854	3480
6.077944	3481
6.078090	3482
6.078132	3483
6.078159	3484
6.078174	3485
6.078193	3486
6.078727	3487
6.078971	3488
6.078989	3489
6.079128	3490
6.079146	3491
6.079374	3492
6.079512	3493
6.079773	3494
6.080062	3495
6.080346	3496
6.080522	3497
6.081093	3498
6.081528	3499
6.081529	3500
6.081939	3501
6.081978	3502
6.082086	3503
6.082173	3504
6.082529	3505
6.082844	3506
6.082905	3507
6.083232	3508
6.083323	3509
6.083420	3510
6.083648	3511
6.083716	3512
6.083736	3513
6.084725	3514
6.084798	3515
6.084891	3516
6.084907	3517
6.085128	3518
6.086410	3519
6.086480	3520
6.087009	3521
6.087177	3522
6.087188	3523
6.087299	3524
6.087482	3525
6.087482	3526
6.087557	3527
6.087581	3528
6.087625	3529
6.087700	3530
6.087848	3531
6.088170	3532
6.088827	3533
6.089833	3534
6.089853	3535
6.090441	3536
6.090495	3537
6.091029	3538
6.091043	3539
6.091193	3540
6.091314	3541
6.091329	3542
6.091347	3543
6.091377	3544
6.091402	3545
6.091493	3546
6.091769	3547
6.092846	3548
6.092847	3549
6.092999	3550
6.093124	3551
6.093224	3552
6.093427	3553
6.093473	3554
6.093527	3555
6.093690	3556
6.094231	3557
6.094297	3558
6.094425	3559
6.094511	3560
6.094642	3561
6.095318	3562
6.095626	3563
6.095632	3564
6.095803	3565
6.095897	3566
6.096244	3567
6.096602	3568
6.096838	3569
6.096939	3570
6.096953	3571
6.097020	3572
6.098744	3573
6.098758	3574
6.099315	3575
6.100196	3576
6.100965	3577
6.101301	3578
6.101347	3579
6.101354	3580
6.101402	3581
6.101436	3582
6.101437	3583
6.101473	3584
6.101545	3585
6.101601	3586
6.102165	3587
6.102481	3588
6.102660	3589
6.103279	3590
6.103377	3591
6.103462	3592
6.103491	3593
6.103516	3594
6.103553	3595
6.104504	3596
6.104827	3597
6.105046	3598
6.105338	3599
6.105391	3600
6.105663	3601
6.105763	3602
6.106121	3603
6.106239	3604
6.106285	3605
6.106476	3606
6.108131	3607
6.108723	3608
6.108807	3609
6.108863	3610
6.108993	3611
6.109210	3612
6.109240	3613
6.109585	3614
6.110650	3615
6.110651	3616
6.110898	3617
6.111256	3618
6.111759	3619
6.112323	3620
6.112382	3621
6.112410	3622
6.112442	3623
6.112442	3624
6.112459	3625
6.112466	3626
6.112498	3627
6.112717	3628
6.112939	3629
6.113014	3630
6.113016	3631
6.113037	3632
6.113082	3633
6.113162	3634
6.113238	3635
6.113255	3636
6.113307	3637
6.113419	3638
6.113599	3639
6.114068	3640
6.114687	3641
6.114868	3642
6.115570	3643
6.115646	3644
6.115809	3645
6.117616	3646
6.118218	3647
6.118245	3648
6.118530	3649
6.118549	3650
6.118945	3651
6.119332	3652
6.119335	3653
6.119348	3654
6.119407	3655
6.119478	3656
6.119763	3657
6.119835	3658
6.119896	3659
6.120513	3660
6.120515	3661
6.120707	3662
6.120864	3663
6.120865	3664
6.120954	3665
6.121029	3666
6.121847	3667
6.121927	3668
6.122240	3669
6.122315	3670
6.122714	3671
6.122842	3672
6.124297	3673
6.124517	3674
6.124628	3675
6.124705	3676
6.124736	3677
6.125847	3678
6.126232	3679
6.126761	3680
6.126839	3681
6.127173	3682
6.127683	3683
6.128004	3684
6.128685	3685
6.130666	3686
6.130895	3687
6.130970	3688
6.131406	3689
6.131428	3690
6.131807	3691
6.131866	3692
6.132116	3693
6.132121	3694
6.132263	3695
6.132360	3696
6.132427	3697
6.132442	3698
6.132478	3699
6.132562	3700
6.132591	3701
6.132623	3702
6.132683	3703
6.134111	3704
6.134311	3705
6.134481	3706
6.134630	3707
6.134734	3708
6.135035	3709
6.135232	3710
6.136762	3711
6.137063	3712
6.137784	3713
6.137963	3714
6.137971	3715
6.137974	3716
6.139384	3717
6.139604	3718
6.139815	3719
6.139934	3720
6.140169	3721
6.140250	3722
6.140788	3723
6.140811	3724
6.140966	3725
6.141852	3726
6.141990	3727
6.142020	3728
6.142210	3729
6.142276	3730
6.142675	3731
6.142707	3732
6.142797	3733
6.143156	3734
6.143173	3735
6.143184	3736
6.143189	3737
6.143200	3738
6.143248	3739
6.143258	3740
6.143378	3741
6.143444	3742
6.143779	3743
6.143821	3744
6.143972	3745
6.144070	3746
6.144093	3747
6.144627	3748
6.145293	3749
6.145780	3750
6.145990	3751
6.146035	3752
6.146131	3753
6.146217	3754
6.146719	3755
6.146787	3756
6.146884	3757
6.146981	3758
6.147036	3759
6.147422	3760
6.147449	3761
6.152237	3762
6.152240	3763
6.152999	3764
6.153168	3765
6.153249	3766
6.153676	3767
6.153743	3768
6.153888	3769
6.153937	3770
6.153971	3771
6.154047	3772
6.154157	3773
6.154252	3774
6.154656	3775
6.155593	3776
6.155847	3777
6.156519	3778
6.156674	3779
6.157550	3780
6.158038	3781
6.158049	3782
6.158136	3783
6.158755	3784
6.158869	3785
6.158969	3786
6.159037	3787
6.159050	3788
6.159086	3789
6.159225	3790
6.159330	3791
6.159348	3792
6.159379	3793
6.159514	3794
6.159527	3795
6.159895	3796
6.159937	3797
6.159987	3798
6.160100	3799
6.160266	3800
6.160300	3801
6.160423	3802
6.160438	3803
6.160456	3804
6.160489	3805
6.160520	3806
6.160543	3807
6.161182	3808
6.161410	3809
6.161427	3810
6.161484	3811
6.161607	3812
6.162068	3813
6.162100	3814
6.162241	3815
6.162260	3816
6.162298	3817
6.163336	3818
6.163408	3819
6.163874	3820
6.164079	3821
6.164232	3822
6.164774	3823
6.164943	3824
6.165653	3825
6.166276	3826
6.166473	3827
6.167112	3828
6.167643	3829
6.167907	3830
6.168972	3831
6.168987	3832
6.169067	3833
6.170561	3834
6.170577	3835
6.170590	3836
6.170984	3837
6.172089	3838
6.172175	3839
6.172232	3840
6.172280	3841
6.172409	3842
6.173393	3843
6.173395	3844
6.173559	3845
6.174108	3846
6.174155	3847
6.174957	3848
6.175136	3849
6.175534	3850
6.175777	3851
6.175896	3852
6.175961	3853
6.176015	3854
6.176143	3855
6.176157	3856
6.176167	3857
6.176279	3858
6.176426	3859
6.176567	3860
6.176604	3861
6.176607	3862
6.176612	3863
6.176715	3864
6.176817	3865
6.176899	3866
6.177368	3867
6.177414	3868
6.177643	3869
6.177659	3870
6.177744	3871
6.177849	3872
6.177955	3873
6.178035	3874
6.179905	3875
6.180030	3876
6.180114	3877
6.180114	3878
6.180193	3879
6.180287	3880
6.180319	3881
6.180331	3882
6